sustained_amps = [  0.1624
    0.1929
    0.2544
    0.1568
    0.3223
    0.4533
    0.1323
    0.2254
    0.4301
    0.1875
    0.3494
    0.3086
    0.1650
    0.1980
    0.2733
    0.2114
    0.3187
    0.2884
    0.1676
    0.1789
    0.1397
    0.1429
    0.2544
    0.2236
    0.1568
    0.3223
    0.4533
    0.1323
    0.2254
    0.4301
    0.1875
    0.3494
    0.3086
    0.3757
    0.1650
    0.1980
    0.2733
    0.4516
    0.2443
    0.3809
    0.2460
    0.3038
    0.2806
    0.1265
    0.2407
    0.1624
    0.4836
    0.2133
    0.2791
    0.2273
    0.2149
    0.1059
    0.3469
    0.2712
    0.2448
    0.1329
    0.3265
    0.1466
    0.3015
    0.5163];

sustained_periods = [24.0500
   24.4667
   27.4000
   23.1000
   28.2000
   27.3000
   20.3333
   24.0667
   29.5000
   23.4667
   28.7500
   27.1000
   28.1000
   22.6500
   25.2000
   21.3500
   28.2000
   25.1500
   27.3000
   24.0333
   23.9500
   23.8333
   27.4000
   24.2000
   23.1000
   28.2000
   27.3000
   20.3333
   24.0667
   29.5000
   23.4667
   28.7500
   27.1000
   25.9000
   28.1000
   22.6500
   25.2000
   22.5000
   22.9000
   22.0333
   23.2500
   33.5000
   22.6500
   23.1000
   23.2000
   24.5333
   32.2500
   25.1000
   23.9000
   23.6000
   22.5000
   23.6000
   31.8000
   27.9000
   26.5500
   25.0500
   31.3000
   23.7333
   26.7500
   33.6000];


damped_amps = [  0.0252
    0.0384
    0.0756
    0.0943
    0.0042
    0.0442
    0.0746
    0.0560
    0.0159
    0.0541
    0.0721
    0.0529
    0.0252
    0.0015
    0.0384
    0.0756
    0.0943
    0.0442
    0.0252
    0.0015
    0.0384
    0.0756
    0.0943
    0.0042
    0.0027
    0.0442
    0.0393
    0.0746
    0.0560
    0.0159
    0.0181
    0.0541
    0.0926
    0.0006
    0.0392
    0.0742
    0.0534
    0.0095
    0.0056
    0.0037
    0.0682
    0.0076
    0.0288
    0.0555
    0.0727
    0.0623
    0.0713
    0.0960
    0.0246
    0.0489];


damped_periods = [28.1500
   22.7333
   26.7500
   24.1500
   24.5000
   25.9000
   25.2000
   24.5333
   26.5000
   23.0000
   25.8500
   27.8000
   28.1500
   25.8500
   22.7333
   26.7500
   24.1500
   25.9000
   28.1500
   25.8500
   22.7333
   26.7500
   24.1500
   24.5000
   26.2500
   25.9000
   23.6000
   25.2000
   24.5333
   26.5000
   24.2000
   23.0000
   24.4500
   29.6500
   26.5000
   24.4000
   23.3500
   20.0000
   28.9000
   21.9333
   24.9333
   23.6667
   28.6000
   24.6000
   25.1500
   22.9000
   24.7000
   23.9667
   22.9667
   25.2667];
    

